2 2 1.000000
3 3 1.000000
4 249 1.000000
6 1048 0.244249
6 1188 0.216128
6 1362 0.001672
7 873 0.999995
8 536 1.000000
9 9 1.000000
10 1497 1.000000
11 2040 0.999980
12 695 1.000000
13 13 1.000000
14 14 1.000000
15 15 1.000000
17 17 1.000000
18 18 1.000000
19 1521 1.000000
21 21 1.000000
22 22 0.062500
22 1093 0.062500
22 1255 0.062500
22 1606 0.062500
23 855 0.999969
24 17 1.000000
26 26 1.000000
27 27 1.000000
28 293 1.000000
29 29 1.000000
30 30 1.000000
31 1184 1.000000
32 32 1.000000
33 655 1.000000
34 34 0.250000
34 640 0.062500
34 1583 0.062500
35 1183 0.997849
35 1626 0.000001
36 36 1.000000
37 929 1.000000
40 40 1.000000
41 41 1.000000
42 42 1.000000
43 43 1.000000
44 44 1.000000
45 308 1.000000
46 203 0.953639
46 205 0.000550
48 127 1.000000
51 977 1.000000
52 15 1.000000
54 418 1.000000
55 203 0.953639
55 205 0.000550
56 56 1.000000
57 568 1.000000
58 58 1.000000
59 929 1.000000
60 418 1.000000
61 61 1.000000
63 418 1.000000
64 64 1.000000
65 65 1.000000
66 1399 1.000000
68 68 1.000000
70 536 1.000000
71 302 0.999970
72 72 1.000000
74 249 1.000000
75 150 1.000000
76 1045 1.000000
77 77 1.000000
78 78 0.250000
78 1898 0.250000
80 520 0.000000
80 1219 0.999289
81 81 1.000000
87 929 1.000000
88 88 1.000000
89 89 1.000000
90 398 1.000000
91 91 1.000000
92 576 1.000000
93 203 0.992936
93 920 0.000013
94 514 1.000000
95 308 1.000000
96 96 1.000000
97 97 0.250000
97 488 0.250000
98 293 1.000000
99 203 0.992936
99 920 0.000013
100 100 1.000000
101 180 1.000000
102 109 1.000000
103 1048 0.244249
103 1188 0.216128
103 1362 0.001672
104 382 0.999821
105 105 1.000000
106 335 1.000000
107 107 1.000000
108 224 1.000000
109 109 1.000000
110 658 1.000000
111 442 1.000000
112 576 1.000000
113 319 1.000000
114 114 1.000000
115 857 1.000000
116 42 1.000000
117 42 1.000000
118 118 1.000000
119 119 1.000000
120 120 0.250000
120 1660 0.062500
120 2033 0.062500
121 876 1.000000
122 510 1.000000
123 123 1.000000
124 124 1.000000
125 125 1.000000
126 402 1.000000
127 127 1.000000
128 691 1.000000
129 129 1.000000
131 131 0.250000
131 1221 0.250000
132 42 1.000000
133 133 0.250000
133 1970 0.250000
134 652 0.000006
134 1006 0.000000
134 1390 0.994688
135 135 1.000000
136 136 1.000000
137 137 1.000000
138 138 1.000000
139 1395 1.000000
140 140 1.000000
141 141 0.250000
141 1507 0.250000
144 1219 1.000000
146 56 1.000000
147 403 0.455237
147 946 0.000321
147 1846 0.094475
148 148 1.000000
149 464 1.000000
150 150 1.000000
151 151 1.000000
152 423 1.000000
153 418 1.000000
154 1582 1.000000
155 348 1.000000
156 1126 0.102149
156 1946 0.462933
157 203 0.955013
157 205 0.000396
157 920 0.000008
158 158 1.000000
159 506 1.000000
160 150 1.000000
161 506 1.000000
162 398 1.000000
163 1582 1.000000
164 164 1.000000
165 233 0.999568
165 446 0.000000
166 166 1.000000
167 167 1.000000
168 127 1.000000
172 109 0.022120
172 891 0.000051
172 1599 0.712611
174 233 0.999568
174 446 0.000000
176 176 1.000000
177 177 1.000000
178 418 1.000000
179 1533 1.000000
180 180 1.000000
181 180 1.000000
182 302 0.999959
183 203 0.953639
183 205 0.000550
184 203 1.000000
185 185 1.000000
186 520 1.000000
187 536 1.000000
188 188 1.000000
189 308 1.000000
190 190 1.000000
191 191 1.000000
192 1183 1.000000
193 193 1.000000
194 194 1.000000
195 199 1.000000
196 196 1.000000
197 652 1.000000
198 198 1.000000
199 199 1.000000
200 791 1.000000
201 201 1.000000
202 972 1.000000
203 203 1.000000
204 418 1.000000
205 205 1.000000
206 206 1.000000
208 316 1.000000
209 209 1.000000
210 210 1.000000
211 211 1.000000
212 855 0.999969
213 213 1.000000
214 1219 1.000000
215 271 1.000000
216 1814 1.000000
217 217 1.000000
218 1285 1.000000
219 219 1.000000
220 220 0.250000
220 607 0.250000
222 222 1.000000
223 223 1.000000
224 224 1.000000
225 225 1.000000
226 226 1.000000
227 227 1.000000
229 379 1.000000
230 929 1.000000
231 1183 1.000000
232 520 1.000000
233 233 1.000000
234 857 1.000000
235 235 1.000000
236 1626 1.000000
237 237 1.000000
238 238 1.000000
240 668 1.000000
241 241 1.000000
242 1783 1.000000
243 243 1.000000
244 244 1.000000
245 245 1.000000
246 109 1.000000
247 576 1.000000
248 424 1.000000
249 249 1.000000
250 576 1.000000
252 876 1.000000
253 536 1.000000
254 480 0.995828
254 1392 0.000004
256 2078 1.000000
257 257 1.000000
258 258 1.000000
259 259 0.111111
259 1002 0.111111
259 1530 0.111111
260 260 1.000000
261 261 1.000000
262 423 1.000000
263 1582 1.000000
264 339 1.000000
265 265 0.250000
265 1052 0.250000
266 266 1.000000
267 15 1.000000
268 418 1.000000
269 269 1.000000
270 652 0.000006
270 1006 0.000000
270 1390 0.994688
271 271 1.000000
272 1219 0.999897
273 273 1.000000
274 946 1.000000
275 275 0.111111
275 559 0.111111
275 1996 0.111111
276 464 1.000000
277 41 1.000000
278 278 1.000000
279 784 1.000000
281 819 1.000000
283 283 1.000000
284 284 1.000000
285 225 1.000000
286 876 1.000000
288 376 0.000050
288 777 0.014748
288 1226 0.368271
288 1233 0.000024
288 1846 0.067475
289 289 1.000000
290 213 1.000000
291 291 1.000000
292 292 1.000000
293 293 1.000000
294 210 1.000000
295 295 1.000000
296 296 1.000000
297 418 1.000000
298 298 1.000000
299 299 1.000000
300 609 1.000000
301 761 1.000000
302 302 1.000000
303 303 1.000000
304 304 1.000000
305 655 1.000000
306 1390 1.000000
307 307 1.000000
308 308 1.000000
309 309 0.027778
309 487 0.027778
309 1288 0.027778
309 1302 0.027778
309 1313 0.027778
309 1393 0.027778
310 377 1.000000
311 1007 1.000000
312 2078 1.000000
313 536 1.000000
314 1753 1.000000
315 203 0.992936
315 920 0.000013
316 316 1.000000
318 1170 1.000000
319 319 1.000000
320 320 1.000000
321 321 1.000000
322 322 1.000000
323 323 1.000000
325 560 0.997914
325 1582 0.000001
326 326 1.000000
327 1772 1.000000
328 42 1.000000
329 1219 1.000000
330 330 1.000000
331 331 1.000000
332 332 1.000000
334 203 0.953639
334 205 0.000550
335 335 1.000000
336 336 1.000000
337 337 1.000000
339 339 1.000000
340 203 0.992936
340 920 0.000013
341 529 1.000000
342 1048 0.244249
342 1188 0.216128
342 1362 0.001672
343 343 1.000000
344 1390 1.000000
345 1750 1.000000
346 346 1.000000
347 347 1.000000
348 348 1.000000
349 349 1.000000
350 350 1.000000
351 638 0.933118
351 1400 0.001157
352 352 1.000000
353 1901 1.000000
354 354 1.000000
355 356 1.000000
356 356 1.000000
357 357 1.000000
358 358 0.999783
358 1269 0.000000
359 359 1.000000
360 605 1.000000
361 947 1.000000
363 1021 1.000000
364 1219 1.000000
365 418 1.000000
366 366 1.000000
367 367 1.000000
368 368 1.000000
369 960 1.000000
370 929 1.000000
371 371 1.000000
372 372 1.000000
374 337 1.000000
375 42 1.000000
376 376 1.000000
377 377 1.000000
378 1333 1.000000
379 379 1.000000
381 381 1.000000
382 382 1.000000
383 1897 0.999999
384 384 1.000000
385 385 1.000000
387 387 1.000000
388 1219 1.000000
390 668 1.000000
391 391 0.250000
391 585 0.250000
392 392 1.000000
393 929 1.000000
394 394 0.250000
394 1616 0.250000
395 395 1.000000
396 1680 1.000000
397 1379 1.000000
398 398 1.000000
399 1626 1.000000
400 658 1.000000
402 402 1.000000
403 403 1.000000
404 404 1.000000
405 405 0.250000
405 910 0.250000
406 406 1.000000
407 203 0.992936
407 920 0.000013
408 1379 1.000000
409 409 1.000000
410 203 0.955013
410 205 0.000396
410 920 0.000008
411 1104 1.000000
413 1585 1.000000
415 376 0.000050
415 777 0.014748
415 1226 0.368271
415 1233 0.000024
415 1846 0.067475
416 416 1.000000
418 418 1.000000
419 1685 1.000000
420 648 1.000000
421 421 1.000000
422 136 1.000000
423 423 1.000000
424 424 1.000000
425 425 1.000000
426 203 0.955013
426 205 0.000396
426 920 0.000008
427 109 0.879656
427 233 0.003855
428 428 1.000000
429 429 1.000000
431 1390 0.999994
432 403 0.455237
432 946 0.000321
432 1846 0.094475
433 433 1.000000
434 434 1.000000
435 418 1.000000
436 1542 1.000000
437 418 1.000000
438 819 1.000000
439 418 1.000000
440 418 1.000000
442 442 1.000000
443 929 1.000000
444 444 1.000000
446 446 1.000000
447 1390 1.000000
448 124 1.000000
449 947 1.000000
450 450 1.000000
451 451 1.000000
452 452 1.000000
453 453 1.000000
455 714 1.000000
456 529 1.000000
457 827 1.000000
460 460 1.000000
461 418 1.000000
462 462 1.000000
463 576 1.000000
464 464 1.000000
465 465 1.000000
466 293 1.000000
467 467 1.000000
468 468 1.000000
470 77 1.000000
471 471 1.000000
472 472 1.000000
473 473 1.000000
474 1901 1.000000
475 213 1.000000
476 308 0.174232
476 625 0.339410
477 1685 1.000000
478 506 1.000000
479 316 1.000000
480 480 1.000000
481 481 1.000000
482 1365 1.000000
483 652 0.000006
483 1006 0.000000
483 1390 0.994688
484 188 1.000000
485 225 1.000000
486 1419 1.000000
487 309 0.027778
487 487 0.027778
487 1288 0.027778
487 1302 0.027778
487 1313 0.027778
487 1393 0.027778
488 97 0.250000
488 488 0.250000
489 604 1.000000
491 491 1.000000
492 492 1.000000
493 493 1.000000
494 109 0.999992
495 495 1.000000
496 376 0.000050
496 777 0.014748
496 1226 0.368271
496 1233 0.000024
496 1846 0.067475
497 258 1.000000
498 1634 1.000000
499 929 1.000000
500 203 0.992936
500 920 0.000013
501 203 0.102712
501 819 0.461737
502 502 1.000000
503 503 0.250000
503 575 0.250000
504 504 1.000000
505 505 0.250000
505 620 0.250000
506 506 1.000000
507 376 1.000000
508 508 1.000000
509 929 1.000000
510 510 1.000000
512 1183 0.994622
512 1680 0.000007
513 513 1.000000
514 514 1.000000
515 515 1.000000
517 576 1.000000
518 303 1.000000
520 520 1.000000
521 521 1.000000
522 1187 1.000000
523 523 1.000000
524 524 1.000000
525 525 1.000000
526 1170 1.000000
527 527 1.000000
528 936 0.250000
528 1554 0.250000
529 529 1.000000
530 1251 1.000000
531 531 1.000000
532 532 1.000000
533 42 1.000000
534 464 1.000000
535 535 1.000000
536 536 1.000000
537 537 1.000000
538 1582 1.000000
539 1424 1.000000
540 1424 0.492430
540 1846 0.088963
541 652 0.000006
541 1006 0.000000
541 1390 0.994688
542 679 1.000000
543 543 1.000000
544 1115 1.000000
545 545 1.000000
546 725 0.143059
546 1865 0.386596
547 398 1.000000
548 1402 1.000000
550 42 1.000000
551 551 1.000000
552 876 1.000000
553 1048 1.000000
554 977 1.000000
555 555 1.000000
556 308 1.000000
557 557 0.111111
557 896 0.111111
557 1031 0.111111
558 558 1.000000
559 275 0.111111
559 559 0.111111
559 1996 0.111111
560 560 1.000000
561 561 1.000000
562 562 1.000000
563 563 1.000000
564 233 0.999568
564 446 0.000000
566 337 1.000000
567 536 1.000000
568 568 1.000000
570 109 0.999991
571 109 0.067188
571 1359 0.548776
572 572 1.000000
574 1564 1.000000
575 503 0.250000
575 575 0.250000
576 576 1.000000
577 357 1.000000
578 510 1.000000
579 693 0.999999
580 27 1.000000
581 581 1.000000
582 582 1.000000
583 583 1.000000
584 876 1.000000
585 391 0.250000
585 585 0.250000
586 1807 1.000000
587 587 1.000000
588 1729 1.000000
589 929 1.000000
590 590 1.000000
591 609 1.000000
593 510 1.000000
594 594 1.000000
595 876 1.000000
596 596 1.000000
597 376 0.000000
597 1693 0.999433
598 1533 1.000000
600 480 0.995828
600 1392 0.000004
601 1901 1.000000
603 745 0.999949
604 604 1.000000
605 605 1.000000
606 1499 1.000000
607 220 0.250000
607 607 0.250000
608 662 1.000000
609 609 1.000000
610 210 1.000000
611 611 1.000000
612 100 0.993212
612 841 0.000012
614 680 1.000000
615 929 1.000000
616 510 1.000000
617 185 1.000000
618 618 1.000000
619 1183 1.000000
620 505 0.250000
620 620 0.250000
622 348 1.000000
623 623 1.000000
624 609 1.000000
625 625 1.000000
626 302 0.999970
628 628 0.250000
628 1368 0.250000
629 594 1.000000
631 631 1.000000
632 632 1.000000
633 505 0.250000
633 620 0.250000
634 480 0.995828
634 1392 0.000004
636 652 0.000018
636 1006 0.000000
636 1390 0.990776
638 638 1.000000
639 639 1.000000
640 34 0.062500
640 640 0.250000
640 1583 0.062500
641 977 1.000000
642 972 1.000000
643 977 1.000000
644 857 1.000000
645 14 0.000000
645 1170 0.999215
646 646 1.000000
647 668 1.000000
648 648 1.000000
649 1190 1.000000
650 650 1.000000
651 651 1.000000
652 652 1.000000
654 418 1.000000
655 655 1.000000
656 876 1.000000
657 657 1.000000
658 658 1.000000
659 659 1.000000
660 660 1.000000
661 379 1.000000
662 662 1.000000
663 1626 1.000000
664 450 1.000000
665 665 1.000000
667 667 0.250000
667 1263 0.250000
668 668 1.000000
669 669 1.000000
671 671 0.062500
671 1301 0.062500
671 1374 0.062500
671 1378 0.062500
672 1444 1.000000
673 673 0.250000
673 1176 0.250000
674 233 0.999568
674 446 0.000000
675 675 1.000000
676 109 1.000000
677 464 1.000000
678 876 1.000000
679 679 1.000000
680 680 1.000000
681 1071 1.000000
682 682 1.000000
683 150 1.000000
684 1542 1.000000
686 686 1.000000
687 123 1.000000
688 376 1.000000
689 689 1.000000
690 376 0.000050
690 777 0.014748
690 1226 0.368271
690 1233 0.000024
690 1846 0.067475
691 691 1.000000
692 873 0.999997
693 693 0.999998
694 1371 1.000000
695 695 1.000000
696 473 0.999573
696 693 0.000000
697 697 1.000000
698 418 1.000000
699 871 1.000000
700 418 1.000000
701 308 1.000000
702 702 1.000000
703 703 1.000000
704 857 1.000000
705 402 1.000000
706 706 1.000000
707 605 1.000000
708 708 1.000000
709 510 1.000000
710 710 1.000000
711 819 1.000000
712 1183 1.000000
713 713 1.000000
714 714 1.000000
715 529 1.000000
716 337 1.000000
717 717 1.000000
718 471 0.022268
718 1188 0.723819
719 1371 1.000000
720 720 1.000000
721 1219 1.000000
722 722 1.000000
723 203 0.950189
723 205 0.000636
724 652 0.000006
724 1006 0.000000
724 1390 0.994688
725 725 1.000000
726 1471 0.999990
727 727 1.000000
728 1190 1.000000
729 729 1.000000
730 1296 1.000000
731 1415 0.985510
731 1693 0.000053
732 1392 1.000000
733 802 1.000000
734 734 1.000000
735 945 1.000000
736 736 1.000000
737 536 1.000000
738 738 1.000000
739 560 0.997914
739 1582 0.000001
740 929 1.000000
741 1379 1.000000
742 520 1.000000
743 655 1.000000
744 1033 1.000000
745 745 1.000000
746 376 1.000000
747 480 0.995828
747 1392 0.000004
748 233 0.000003
748 382 0.996617
749 749 1.000000
750 750 1.000000
751 751 1.000000
752 752 1.000000
754 754 0.250000
754 1153 0.250000
755 337 1.000000
756 855 0.999969
757 680 1.000000
759 631 1.000000
760 233 0.000003
760 382 0.996617
761 761 1.000000
762 1219 1.000000
763 763 1.000000
764 1025 1.000000
765 765 1.000000
767 767 1.000000
768 185 1.000000
769 1846 1.000000
770 770 1.000000
771 771 1.000000
772 418 1.000000
773 560 0.997914
773 1582 0.000001
774 1219 1.000000
775 337 1.000000
776 376 0.617908
776 1233 0.045766
777 777 1.000000
778 778 1.000000
779 605 1.000000
780 780 1.000000
781 977 1.000000
782 1219 1.000000
783 403 0.499751
783 1846 0.085890
784 784 1.000000
785 785 0.250000
785 1376 0.250000
786 418 1.000000
787 471 0.022268
787 1188 0.723819
788 536 1.000000
789 418 1.000000
790 790 1.000000
791 791 1.000000
792 792 1.000000
793 793 1.000000
794 794 1.000000
795 1048 0.238100
795 1188 0.219632
795 1362 0.001883
796 520 1.000000
798 798 1.000000
799 799 1.000000
800 929 0.999999
801 1499 1.000000
802 802 1.000000
803 803 1.000000
804 804 1.000000
805 1219 1.000000
806 418 1.000000
807 936 0.250000
807 1554 0.250000
808 1427 1.000000
810 810 1.000000
811 1977 1.000000
812 1499 1.000000
813 188 1.000000
814 506 1.000000
815 815 1.000000
816 15 1.000000
817 480 1.000000
818 316 1.000000
819 819 1.000000
820 943 1.000000
821 821 1.000000
822 836 0.000000
822 1905 0.999713
824 824 1.000000
826 1390 1.000000
827 827 1.000000
828 828 1.000000
829 1570 1.000000
830 1789 1.000000
831 316 1.000000
832 1233 0.822096
832 1693 0.008706
833 1566 1.000000
834 834 1.000000
835 576 1.000000
836 836 1.000000
837 316 1.000000
838 471 0.022268
838 1188 0.723819
839 1759 1.000000
840 1048 0.244249
840 1188 0.216128
840 1362 0.001672
841 841 1.000000
842 842 0.250000
842 1068 0.250000
843 843 1.000000
844 844 1.000000
846 233 0.000007
846 382 0.994835
847 1408 1.000000
848 605 1.000000
849 418 1.000000
850 376 0.000000
850 1693 0.999433
851 560 0.997914
851 1582 0.000001
852 929 1.000000
853 853 1.000000
854 854 1.000000
855 855 1.000000
857 857 1.000000
858 858 1.000000
859 815 1.000000
860 303 1.000000
861 861 1.000000
862 188 1.000000
863 1491 1.000000
864 864 1.000000
866 1901 1.000000
867 799 1.000000
868 450 1.000000
871 871 1.000000
873 873 1.000000
874 874 1.000000
875 875 1.000000
876 876 1.000000
877 877 1.000000
879 1183 0.999997
880 2040 1.000000
881 506 1.000000
882 382 0.000000
882 1390 0.999584
883 883 1.000000
884 884 1.000000
885 1285 1.000000
886 382 0.999796
886 1832 0.000000
887 679 1.000000
888 1433 1.000000
889 1433 1.000000
890 890 0.250000
890 1100 0.250000
891 109 0.022336
891 891 0.000005
891 1599 0.719584
892 233 0.999568
892 446 0.000000
894 894 1.000000
895 1154 1.000000
896 557 0.111111
896 896 0.111111
896 1031 0.111111
897 722 1.000000
898 1846 1.000000
899 423 1.000000
900 900 1.000000
901 901 1.000000
903 903 1.000000
904 203 0.992936
904 920 0.000013
906 1789 1.000000
907 418 1.000000
908 1547 1.000000
909 109 0.857377
909 233 0.005479
910 405 0.250000
910 910 0.250000
911 523 1.000000
912 1183 1.000000
914 876 1.000000
915 1115 1.000000
916 1415 0.985510
916 1693 0.000053
919 14 1.000000
920 920 1.000000
921 605 1.000000
922 876 1.000000
923 316 1.000000
924 576 1.000000
925 925 1.000000
926 926 1.000000
927 927 1.000000
928 928 1.000000
929 929 1.000000
930 930 1.000000
932 302 0.999970
933 876 1.000000
936 936 0.250000
936 1554 0.250000
937 765 1.000000
938 150 1.000000
939 450 1.000000
940 1219 1.000000
941 941 1.000000
942 942 1.000000
943 943 1.000000
944 576 1.000000
945 945 1.000000
946 946 1.000000
947 947 1.000000
948 1626 1.000000
949 1390 1.000000
950 423 1.000000
951 951 1.000000
952 1170 1.000000
953 953 1.000000
954 125 1.000000
955 955 1.000000
956 1137 1.000000
957 1582 1.000000
958 958 1.000000
959 211 0.999998
960 960 1.000000
961 961 1.000000
962 962 1.000000
965 1219 0.999932
966 824 1.000000
967 205 1.000000
968 1296 1.000000
969 1536 0.830726
969 1789 0.007843
970 520 1.000000
971 876 1.000000
972 972 1.000000
973 973 1.000000
974 1007 1.000000
975 975 1.000000
976 873 0.999995
977 977 1.000000
978 978 1.000000
979 979 1.000000
980 980 1.000000
981 981 1.000000
982 418 1.000000
983 233 0.999568
983 446 0.000000
984 942 1.000000
985 985 1.000000
986 986 1.000000
987 987 1.000000
988 1448 1.000000
989 989 1.000000
991 1095 1.000000
992 857 1.000000
996 996 1.000000
997 997 1.000000
999 1126 0.999997
1000 680 1.000000
1002 259 0.111111
1002 1002 0.111111
1002 1530 0.111111
1003 1003 1.000000
1004 1004 1.000000
1006 1006 1.000000
1007 1007 1.000000
1009 1009 1.000000
1010 1010 1.000000
1011 655 1.000000
1012 203 0.992936
1012 920 0.000013
1013 738 1.000000
1014 1974 1.000000
1015 1048 0.236985
1015 1188 0.219621
1015 1362 0.001985
1016 1016 1.000000
1017 302 0.999970
1018 1018 1.000000
1019 42 0.000010
1019 1072 0.993729
1020 1582 1.000000
1021 1021 1.000000
1022 791 1.000000
1024 658 1.000000
1025 1025 1.000000
1026 1547 1.000000
1027 1027 1.000000
1028 1028 0.250000
1028 1629 0.250000
1029 657 1.000000
1030 1030 1.000000
1031 557 0.111111
1031 896 0.111111
1031 1031 0.111111
1032 810 1.000000
1033 1033 1.000000
1034 1034 1.000000
1036 1036 1.000000
1038 1783 1.000000
1039 377 1.000000
1040 136 1.000000
1042 471 0.022268
1042 1188 0.723819
1043 1043 0.999997
1044 857 1.000000
1045 1045 1.000000
1046 203 0.953639
1046 205 0.000550
1047 844 1.000000
1048 1048 1.000000
1049 1905 1.000000
1050 1050 0.250000
1050 1067 0.250000
1051 1051 1.000000
1052 265 0.250000
1052 1052 0.250000
1053 1631 1.000000
1054 203 0.992936
1054 920 0.000013
1055 1055 0.250000
1055 1152 0.250000
1056 738 1.000000
1057 109 0.868722
1057 233 0.004614
1058 1189 1.000000
1059 1547 1.000000
1060 1060 1.000000
1061 1061 1.000000
1062 196 1.000000
1063 64 1.000000
1064 536 1.000000
1065 382 1.000000
1066 1066 1.000000
1067 1050 0.250000
1067 1067 0.250000
1068 842 0.250000
1068 1068 0.250000
1069 745 1.000000
1070 308 1.000000
1071 1071 1.000000
1072 1072 1.000000
1073 520 0.000000
1073 1219 0.999289
1074 150 0.000000
1074 819 0.999675
1075 1183 1.000000
1076 376 0.000000
1076 1693 0.999433
1077 418 1.000000
1078 1078 1.000000
1079 203 0.965599
1079 205 0.000301
1080 1897 0.999999
1081 1181 1.000000
1082 1082 1.000000
1083 1072 1.000000
1084 14 1.000000
1085 815 1.000000
1086 576 1.000000
1087 631 0.999489
1087 1296 0.000000
1088 1170 1.000000
1089 1089 1.000000
1090 14 0.000000
1090 1170 0.999215
1091 536 1.000000
1092 124 1.000000
1093 22 0.062500
1093 1093 0.062500
1093 1255 0.062500
1093 1606 0.062500
1094 1094 1.000000
1095 1095 1.000000
1096 1096 1.000000
1097 43 1.000000
1098 977 1.000000
1099 14 0.000000
1099 1170 0.999215
1100 890 0.250000
1100 1100 0.250000
1101 520 0.000000
1101 1219 0.999289
1102 1102 1.000000
1104 1104 1.000000
1105 1130 1.000000
1106 308 1.000000
1107 1107 1.000000
1108 418 1.000000
1109 609 1.000000
1110 450 1.000000
1112 109 0.010034
1112 1599 0.809693
1113 605 1.000000
1114 1114 0.250000
1114 2042 0.250000
1115 1115 1.000000
1116 1116 1.000000
1117 14 1.000000
1118 387 1.000000
1119 308 1.000000
1120 451 1.000000
1121 1121 1.000000
1122 1104 1.000000
1123 308 1.000000
1124 1170 1.000000
1125 1233 1.000000
1126 1126 1.000000
1127 1251 0.199187
1127 1371 0.306580
1128 1128 1.000000
1130 1130 1.000000
1132 1132 1.000000
1133 1133 1.000000
1134 1315 1.000000
1135 1219 1.000000
1136 506 1.000000
1137 1137 1.000000
1138 725 0.143059
1138 1865 0.386596
1139 1296 1.000000
1140 929 1.000000
1141 1141 1.000000
1142 124 1.000000
1143 150 0.000000
1143 1219 0.998991
1144 1144 1.000000
1145 1145 1.000000
1146 109 1.000000
1147 1147 1.000000
1148 109 0.022120
1148 891 0.000051
1148 1599 0.712611
1149 652 0.000006
1149 1006 0.000000
1149 1390 0.994688
1150 1392 1.000000
1151 418 1.000000
1152 1055 0.250000
1152 1152 0.250000
1153 754 0.250000
1153 1153 0.250000
1154 1154 1.000000
1155 1155 1.000000
1156 1156 1.000000
1157 1157 1.000000
1158 1183 1.000000
1159 1137 1.000000
1160 219 0.995742
1160 1337 0.000005
1161 1190 1.000000
1162 1219 1.000000
1164 1164 1.000000
1165 1233 1.000000
1166 1166 1.000000
1167 1170 1.000000
1168 576 1.000000
1169 424 1.000000
1170 1170 1.000000
1171 972 1.000000
1172 1626 1.000000
1174 1183 1.000000
1175 1175 1.000000
1176 673 0.250000
1176 1176 0.250000
1177 1177 1.000000
1178 1033 1.000000
1179 631 0.999489
1179 1296 0.000000
1180 1180 1.000000
1181 1181 1.000000
1182 1182 1.000000
1183 1183 1.000000
1184 1184 1.000000
1185 1814 1.000000
1186 471 0.022268
1186 1188 0.723819
1187 1187 1.000000
1188 1188 1.000000
1189 1189 1.000000
1190 1190 1.000000
1191 308 1.000000
1192 302 0.999970
1193 1680 1.000000
1194 308 1.000000
1195 109 0.001331
1195 655 0.928362
1196 1395 1.000000
1197 1197 1.000000
1198 1198 1.000000
1199 799 1.000000
1200 609 1.000000
1201 1547 1.000000
1202 1219 1.000000
1203 308 1.000000
1204 652 0.000006
1204 1006 0.000000
1204 1390 0.994688
1205 1205 1.000000
1206 210 1.000000
1207 1207 1.000000
1208 1208 1.000000
1209 873 0.999997
1210 418 1.000000
1211 576 1.000000
1212 203 0.955013
1212 205 0.000396
1212 920 0.000008
1213 1213 1.000000
1214 1214 1.000000
1215 903 1.000000
1219 1219 1.000000
1220 1220 1.000000
1221 131 0.250000
1221 1221 0.250000
1222 628 0.250000
1222 1368 0.250000
1223 1223 1.000000
1224 1170 1.000000
1225 1251 1.000000
1226 1226 1.000000
1228 536 1.000000
1229 293 1.000000
1230 418 1.000000
1232 203 0.955013
1232 205 0.000396
1232 920 0.000008
1233 1233 1.000000
1234 423 1.000000
1235 1615 1.000000
1236 947 1.000000
1237 1237 1.000000
1238 582 0.022701
1238 1223 0.721366
1240 1025 1.000000
1241 203 0.955013
1241 205 0.000396
1241 920 0.000008
1242 308 1.000000
1244 1244 1.000000
1245 1219 1.000000
1246 219 1.000000
1247 308 1.000000
1248 1448 1.000000
1249 1249 1.000000
1250 1250 1.000000
1251 1251 1.000000
1252 819 1.000000
1253 1253 1.000000
1254 510 1.000000
1255 22 0.062500
1255 1093 0.062500
1255 1255 0.062500
1255 1606 0.062500
1256 357 1.000000
1257 576 1.000000
1258 520 0.999960
1259 609 1.000000
1260 1260 1.000000
1261 1043 0.999997
1262 857 1.000000
1263 667 0.250000
1263 1263 0.250000
1265 1685 1.000000
1266 471 0.022268
1266 1188 0.723819
1267 1566 1.000000
1268 1268 1.000000
1269 358 0.999783
1269 1269 0.000000
1270 1270 1.000000
1271 1424 0.492430
1271 1846 0.088963
1272 1424 1.000000
1273 1183 0.996289
1273 1219 0.000003
1275 387 1.000000
1276 1276 1.000000
1277 1277 1.000000
1278 1278 0.040000
1278 1828 0.040000
1278 1829 0.040000
1278 1830 0.040000
1278 1831 0.040000
1279 1279 1.000000
1280 1280 1.000000
1281 1281 1.000000
1282 349 1.000000
1283 1585 1.000000
1285 1285 1.000000
1286 127 1.000000
1287 1287 1.000000
1288 309 0.027778
1288 487 0.027778
1288 1288 0.027778
1288 1302 0.027778
1288 1313 0.027778
1288 1393 0.027778
1289 1289 1.000000
1290 491 0.970996
1290 1626 0.000213
1291 1582 1.000000
1292 1582 1.000000
1293 127 0.535945
1293 384 0.071780
1294 682 0.000001
1294 1121 0.997901
1295 418 1.000000
1296 1296 1.000000
1297 1297 1.000000
1298 14 1.000000
1300 1300 1.000000
1301 671 0.062500
1301 1301 0.062500
1301 1374 0.062500
1301 1378 0.062500
1302 309 0.027778
1302 487 0.027778
1302 1288 0.027778
1302 1302 0.027778
1302 1313 0.027778
1302 1393 0.027778
1303 1303 1.000000
1304 1219 1.000000
1305 1305 1.000000
1306 205 0.999996
1307 652 0.000006
1307 1006 0.000000
1307 1390 0.994688
1308 109 0.022120
1308 891 0.000051
1308 1599 0.712611
1309 1309 1.000000
1311 510 1.000000
1312 1312 0.999856
1313 309 0.027778
1313 487 0.027778
1313 1288 0.027778
1313 1302 0.027778
1313 1313 0.027778
1313 1393 0.027778
1314 418 1.000000
1315 1315 1.000000
1316 293 1.000000
1317 418 1.000000
1318 1582 1.000000
1319 1187 1.000000
1320 1007 1.000000
1321 594 1.000000
1322 1322 1.000000
1324 356 1.000000
1325 203 0.953639
1325 205 0.000550
1326 423 1.000000
1328 1328 1.000000
1329 418 1.000000
1330 203 0.992936
1330 920 0.000013
1331 1331 1.000000
1333 1333 1.000000
1334 1789 1.000000
1335 1335 1.000000
1336 529 1.000000
1337 1337 1.000000
1338 1007 1.000000
1339 1424 1.000000
1341 1341 1.000000
1342 1342 1.000000
1343 245 1.000000
1344 18 0.000000
1344 1588 0.999353
1344 1974 0.000000
1345 1345 1.000000
1346 1048 0.244249
1346 1188 0.216128
1346 1362 0.001672
1347 41 1.000000
1348 1348 1.000000
1349 929 1.000000
1350 1350 1.000000
1351 1585 1.000000
1352 109 0.879656
1352 233 0.003855
1353 316 1.000000
1354 1354 1.000000
1355 403 0.480229
1355 1846 0.094258
1357 1357 1.000000
1358 506 0.045655
1358 1789 0.618314
1359 1359 1.000000
1360 1499 1.000000
1361 376 0.000000
1361 1693 0.999433
1362 1362 1.000000
1363 347 1.000000
1364 1364 1.000000
1365 1365 1.000000
1366 1366 1.000000
1367 1345 1.000000
1368 628 0.250000
1368 1368 0.250000
1369 941 1.000000
1370 668 1.000000
1371 1371 1.000000
1372 225 1.000000
1373 929 1.000000
1374 671 0.062500
1374 1301 0.062500
1374 1374 0.062500
1374 1378 0.062500
1375 150 0.041653
1375 1846 0.633472
1376 785 0.250000
1376 1376 0.250000
1377 1377 1.000000
1378 671 0.062500
1378 1301 0.062500
1378 1374 0.062500
1378 1378 0.062500
1379 1379 1.000000
1380 536 1.000000
1381 148 0.000000
1381 1045 0.999175
1382 929 1.000000
1383 1383 1.000000
1384 529 1.000000
1385 1385 1.000000
1386 857 1.000000
1387 1387 1.000000
1388 977 1.000000
1389 1104 1.000000
1390 1390 1.000000
1391 1582 1.000000
1392 1392 1.000000
1393 309 0.027778
1393 487 0.027778
1393 1288 0.027778
1393 1302 0.027778
1393 1313 0.027778
1393 1393 0.027778
1394 605 1.000000
1395 1395 1.000000
1396 1396 1.000000
1397 308 1.000000
1398 409 1.000000
1399 1399 1.000000
1400 1400 1.000000
1401 1789 1.000000
1402 1402 1.000000
1404 1404 1.000000
1407 609 1.000000
1408 1408 1.000000
1409 1409 1.000000
1410 1309 1.000000
1411 1007 1.000000
1412 1412 1.000000
1413 857 1.000000
1414 418 1.000000
1415 1415 1.000000
1417 1417 1.000000
1418 819 1.000000
1419 1419 1.000000
1421 1421 1.000000
1422 418 1.000000
1423 819 1.000000
1424 1424 1.000000
1425 376 1.000000
1426 1426 1.000000
1427 1427 1.000000
1428 1427 1.000000
1429 784 1.000000
1430 406 1.000000
1431 1431 1.000000
1432 520 0.000000
1432 1219 0.999537
1433 1433 1.000000
1435 1379 1.000000
1436 1183 0.994622
1436 1680 0.000007
1437 196 1.000000
1438 418 1.000000
1439 1901 1.000000
1440 972 1.000000
1441 233 0.999568
1441 446 0.000000
1442 1442 1.000000
1443 929 1.000000
1444 1444 1.000000
1445 1104 0.941512
1445 1445 0.000881
1446 418 1.000000
1447 64 1.000000
1448 1448 1.000000
1450 1450 1.000000
1451 1451 1.000000
1452 1126 1.000000
1453 42 0.000010
1453 1072 0.993729
1454 946 1.000000
1455 418 1.000000
1456 205 1.000000
1457 1457 1.000000
1458 652 0.000006
1458 1006 0.000000
1458 1390 0.994688
1459 213 1.000000
1460 1461 0.999997
1461 1461 0.999997
1462 1034 1.000000
1464 1464 1.000000
1465 1465 1.000000
1466 464 1.000000
1467 1467 1.000000
1468 150 0.005891
1468 1183 0.852386
1469 320 1.000000
1470 150 0.000001
1470 1219 0.998510
1471 1471 1.000000
1472 1472 1.000000
1474 357 1.000000
1475 418 1.000000
1476 316 1.000000
1477 609 1.000000
1478 1478 1.000000
1479 406 1.000000
1480 203 0.953639
1480 205 0.000550
1481 425 1.000000
1482 1482 1.000000
1484 929 1.000000
1485 233 0.999568
1485 446 0.000000
1486 1486 1.000000
1487 418 1.000000
1488 1048 0.244249
1488 1188 0.216128
1488 1362 0.001672
1489 1865 0.999998
1490 203 0.957990
1490 205 0.000440
1490 920 0.000000
1491 1491 1.000000
1492 42 0.897349
1492 150 0.002779
1493 651 1.000000
1494 1494 1.000000
1495 1811 1.000000
1496 609 1.000000
1497 1497 1.000000
1498 1498 1.000000
1499 1499 1.000000
1502 1582 1.000000
1503 1170 1.000000
1504 1499 1.000000
1505 876 1.000000
1506 1506 1.000000
1507 141 0.250000
1507 1507 0.250000
1508 929 1.000000
1509 973 1.000000
1512 316 1.000000
1513 418 1.000000
1514 1570 1.000000
1515 1515 1.000000
1517 1517 1.000000
1518 1518 1.000000
1519 377 1.000000
1520 402 1.000000
1521 1521 1.000000
1522 1522 1.000000
1523 1523 1.000000
1524 1524 1.000000
1525 1525 1.000000
1526 418 1.000000
1527 761 1.000000
1528 1175 0.000026
1528 1873 0.989917
1529 150 0.000001
1529 1219 0.998510
1530 259 0.111111
1530 1002 0.111111
1530 1530 0.111111
1531 745 0.999949
1532 929 1.000000
1533 1533 1.000000
1534 506 1.000000
1535 1219 1.000000
1536 1536 1.000000
1537 1147 1.000000
1538 1415 1.000000
1539 203 0.000252
1539 205 0.000000
1539 520 0.000001
1539 1219 0.966320
1542 1542 1.000000
1543 1543 1.000000
1544 1544 1.000000
1545 821 1.000000
1547 1547 1.000000
1548 1548 1.000000
1549 451 1.000000
1550 1547 1.000000
1551 1551 1.000000
1552 1491 1.000000
1553 1618 1.000000
1554 936 0.250000
1554 1554 0.250000
1555 1183 0.999999
1557 1557 1.000000
1558 185 1.000000
1559 1559 0.250000
1559 1938 0.250000
1560 1130 1.000000
1561 257 0.250000
1561 1094 0.250000
1562 1562 1.000000
1563 308 1.000000
1564 1564 1.000000
1565 1415 0.000000
1565 1565 0.998997
1566 1566 1.000000
1567 609 1.000000
1568 1499 1.000000
1569 855 0.999969
1570 1570 1.000000
1573 387 1.000000
1574 384 1.000000
1575 506 1.000000
1576 745 0.999949
1577 418 1.000000
1578 308 1.000000
1579 1579 1.000000
1581 1045 1.000000
1582 1582 1.000000
1583 34 0.062500
1583 640 0.062500
1583 1583 0.250000
1584 382 1.000000
1585 1585 1.000000
1586 1586 1.000000
1587 1587 1.000000
1588 1588 1.000000
1589 662 1.000000
1590 929 1.000000
1591 418 1.000000
1592 1592 1.000000
1593 1593 1.000000
1595 576 1.000000
1597 1680 1.000000
1598 1312 0.999883
1599 1599 1.000000
1600 337 1.000000
1601 424 1.000000
1602 1602 1.000000
1603 827 0.053646
1603 1188 0.590413
1604 1478 1.000000
1606 22 0.062500
1606 1093 0.062500
1606 1255 0.062500
1606 1606 0.062500
1609 1609 1.000000
1610 1610 1.000000
1611 576 1.000000
1612 1390 1.000000
1613 1390 1.000000
1614 42 0.999984
1615 1615 1.000000
1616 394 0.250000
1616 1616 0.250000
1617 1617 1.000000
1618 1618 1.000000
1619 203 0.955013
1619 205 0.000396
1619 920 0.000008
1620 127 0.757207
1620 1145 0.016854
1621 1183 1.000000
1623 1623 1.000000
1625 1625 1.000000
1626 1626 1.000000
1627 1627 1.000000
1628 1628 1.000000
1629 1028 0.250000
1629 1629 0.250000
1630 1630 1.000000
1631 1631 1.000000
1632 1145 0.997332
1632 1365 0.000002
1633 1633 1.000000
1634 1634 1.000000
1635 1635 1.000000
1636 876 1.000000
1638 1390 1.000000
1639 203 0.992441
1639 920 0.000014
1641 480 0.995828
1641 1392 0.000004
1643 658 1.000000
1645 1390 1.000000
1646 648 1.000000
1647 210 1.000000
1648 1901 1.000000
1650 125 1.000000
1651 1651 1.000000
1652 1652 1.000000
1653 1653 1.000000
1654 1471 0.999990
1655 520 1.000000
1656 771 1.000000
1657 322 0.000028
1657 336 0.000013
1657 648 0.982222
1658 210 1.000000
1659 929 1.000000
1660 120 0.062500
1660 1660 0.250000
1660 2033 0.062500
1662 1390 0.999994
1663 418 1.000000
1664 876 1.000000
1665 1665 1.000000
1666 1666 1.000000
1667 1183 0.999999
1668 164 1.000000
1669 109 1.000000
1671 652 0.000006
1671 1006 0.000000
1671 1390 0.994688
1672 1672 1.000000
1673 1582 1.000000
1674 188 1.000000
1675 233 0.000003
1675 382 0.996617
1676 210 1.000000
1678 233 0.000003
1678 382 0.996617
1680 1680 1.000000
1681 150 1.000000
1682 346 1.000000
1684 1582 1.000000
1685 1685 1.000000
1686 418 1.000000
1688 628 0.250000
1688 1368 0.250000
1689 1689 1.000000
1690 1690 1.000000
1691 1691 1.000000
1693 1693 1.000000
1694 1071 1.000000
1696 1696 1.000000
1698 1698 1.000000
1699 1699 1.000000
1701 784 1.000000
1702 127 1.000000
1703 127 1.000000
1704 1704 1.000000
1706 1706 1.000000
1707 1707 0.111111
1707 1708 0.111111
1707 1709 0.111111
1708 1707 0.111111
1708 1708 0.111111
1708 1709 0.111111
1709 1707 0.111111
1709 1708 0.111111
1709 1709 0.111111
1711 382 1.000000
1712 382 1.000000
1713 382 1.000000
1714 15 0.799786
1714 536 0.011171
1715 123 0.998936
1715 366 0.000000
1715 1548 0.000000
1716 1415 1.000000
1717 15 0.785500
1717 536 0.012931
1719 376 0.000443
1719 1233 0.958371
1720 376 0.000000
1720 1693 0.999433
1721 376 0.000000
1721 1693 0.999433
1722 1722 1.000000
1723 1415 1.000000
1724 1415 1.000000
1725 1415 1.000000
1726 1653 1.000000
1727 1653 1.000000
1728 1728 1.000000
1729 1729 1.000000
1730 1729 1.000000
1731 376 1.000000
1732 761 1.000000
1733 123 0.976810
1733 366 0.000034
1733 1548 0.000034
1734 123 0.976810
1734 366 0.000034
1734 1548 0.000034
1735 123 0.976810
1735 366 0.000034
1735 1548 0.000034
1736 625 1.000000
1737 14 1.000000
1738 568 1.000000
1739 109 1.000000
1740 1055 0.250000
1740 1152 0.250000
1742 14 0.000000
1742 1170 0.999215
1744 1744 1.000000
1745 1745 1.000000
1746 1745 1.000000
1747 1745 1.000000
1748 1745 1.000000
1749 109 0.990221
1749 1750 0.000024
1750 1750 1.000000
1751 1753 1.000000
1752 1753 1.000000
1753 1753 1.000000
1754 1754 1.000000
1755 387 1.000000
1756 387 1.000000
1757 857 0.042542
1757 1104 0.630028
1758 857 0.042542
1758 1104 0.630028
1759 1759 1.000000
1760 1901 1.000000
1761 1901 1.000000
1762 382 1.000000
1763 1763 1.000000
1764 799 1.000000
1765 799 1.000000
1766 332 1.000000
1768 185 0.128809
1768 1051 0.411009
1769 442 1.000000
1770 520 0.000000
1770 1219 0.999289
1771 520 0.000000
1771 1219 0.999289
1772 1772 1.000000
1773 1773 1.000000
1774 1774 1.000000
1776 536 0.999999
1777 536 0.999999
1780 1233 1.000000
1781 14 1.000000
1783 1783 1.000000
1784 339 1.000000
1785 339 1.000000
1786 339 1.000000
1787 339 1.000000
1789 1789 1.000000
1790 398 1.000000
1791 1402 1.000000
1792 1309 1.000000
1793 64 1.000000
1794 376 1.000000
1795 398 1.000000
1796 398 1.000000
1797 398 1.000000
1798 398 1.000000
1803 1249 1.000000
1807 1807 1.000000
1808 64 1.000000
1809 64 1.000000
1810 245 0.002629
1810 1365 0.900081
1811 1811 1.000000
1814 1814 1.000000
1815 298 1.000000
1816 298 1.000000
1817 1817 1.000000
1818 347 1.000000
1819 1819 1.000000
1820 1820 1.000000
1821 148 0.000000
1821 1045 0.999635
1822 1448 1.000000
1823 450 1.000000
1824 536 1.000000
1825 1219 0.000305
1825 1846 0.965400
1826 1588 1.000000
1827 1588 1.000000
1828 1278 0.040000
1828 1828 0.040000
1828 1829 0.040000
1828 1830 0.040000
1828 1831 0.040000
1829 1278 0.040000
1829 1828 0.040000
1829 1829 0.040000
1829 1830 0.040000
1829 1831 0.040000
1830 1278 0.040000
1830 1828 0.040000
1830 1829 0.040000
1830 1830 0.040000
1830 1831 0.040000
1831 1278 0.040000
1831 1828 0.040000
1831 1829 0.040000
1831 1830 0.040000
1831 1831 0.040000
1832 1832 1.000000
1833 382 0.999887
1834 382 0.999887
1835 382 0.999887
1843 1843 1.000000
1844 185 1.000000
1846 1846 1.000000
1847 185 0.128809
1847 1051 0.411009
1848 185 0.128809
1848 1051 0.411009
1849 185 0.128809
1849 1051 0.411009
1850 185 0.128809
1850 1051 0.411009
1851 185 0.128809
1851 1051 0.411009
1852 1846 1.000000
1853 185 0.128809
1853 1051 0.411009
1854 185 0.128809
1854 1051 0.411009
1858 1858 1.000000
1859 1859 1.000000
1862 1862 1.000000
1863 1309 1.000000
1865 1865 1.000000
1866 1901 1.000000
1867 450 0.928482
1867 1873 0.001324
1868 1868 1.000000
1869 1402 1.000000
1870 529 1.000000
1871 1402 1.000000
1872 1402 1.000000
1873 1873 1.000000
1874 1402 1.000000
1875 1402 1.000000
1876 1402 1.000000
1879 462 0.000003
1879 464 0.000001
1879 1873 0.994727
1886 1820 1.000000
1887 1820 1.000000
1888 1820 1.000000
1889 1820 1.000000
1890 1820 1.000000
1891 1820 1.000000
1892 1820 1.000000
1893 1820 1.000000
1894 1820 1.000000
1895 1820 1.000000
1896 1820 1.000000
1897 1897 0.999999
1898 78 0.250000
1898 1898 0.250000
1899 1811 1.000000
1901 1901 1.000000
1902 1811 1.000000
1903 1811 1.000000
1905 1905 1.000000
1906 1220 1.000000
1907 1220 1.000000
1908 1220 1.000000
1909 1220 1.000000
1910 1220 1.000000
1911 1220 1.000000
1912 1220 1.000000
1913 1220 1.000000
1914 1220 1.000000
1915 1220 1.000000
1916 1220 1.000000
1917 1145 0.997332
1917 1365 0.000002
1918 462 0.000006
1918 514 0.995034
1919 1919 1.000000
1920 180 1.000000
1921 180 1.000000
1922 1744 1.000000
1923 1055 0.250000
1923 1152 0.250000
1925 1925 1.000000
1926 1154 1.000000
1927 1154 1.000000
1928 1154 1.000000
1929 1154 1.000000
1930 1154 1.000000
1931 1154 1.000000
1932 1154 1.000000
1933 1154 1.000000
1936 1936 1.000000
1937 1402 1.000000
1938 1559 0.250000
1938 1938 0.250000
1942 1942 1.000000
1943 1943 0.250000
1943 1944 0.250000
1944 1943 0.250000
1944 1944 0.250000
1945 625 1.000000
1946 1946 1.000000
1947 402 1.000000
1948 1946 1.000000
1949 1557 1.000000
1952 398 1.000000
1953 398 1.000000
1955 1631 1.000000
1956 1631 1.000000
1957 1631 1.000000
1958 1631 1.000000
1959 1631 1.000000
1960 1631 1.000000
1961 1631 1.000000
1962 1631 1.000000
1963 1631 1.000000
1964 1631 1.000000
1965 625 1.000000
1966 1789 1.000000
1967 1789 1.000000
1968 1072 1.000000
1969 1072 1.000000
1970 133 0.250000
1970 1970 0.250000
1971 1623 1.000000
1972 1623 1.000000
1973 1623 1.000000
1974 1974 1.000000
1975 810 1.000000
1976 810 1.000000
1977 1977 1.000000
1978 536 1.000000
1979 283 0.980675
1979 376 0.000000
1979 1985 0.000091
1980 283 0.980675
1980 376 0.000000
1980 1985 0.000091
1981 283 0.980675
1981 376 0.000000
1981 1985 0.000091
1982 283 0.980675
1982 376 0.000000
1982 1985 0.000091
1983 283 0.980675
1983 376 0.000000
1983 1985 0.000091
1984 283 0.980675
1984 376 0.000000
1984 1985 0.000091
1985 1985 1.000000
1986 1873 0.999989
1987 520 1.000000
1988 520 1.000000
1995 791 1.000000
1996 275 0.111111
1996 559 0.111111
1996 1996 0.111111
1997 1750 1.000000
1998 1998 1.000000
1999 1999 1.000000
2000 2000 1.000000
2001 1497 1.000000
2002 1497 1.000000
2003 1497 1.000000
2004 1345 1.000000
2006 42 1.000000
2007 376 1.000000
2008 611 1.000000
2009 15 1.000000
2010 2010 1.000000
2011 594 1.000000
2012 356 1.000000
2013 356 1.000000
2014 356 1.000000
2015 356 1.000000
2016 1333 1.000000
2017 337 1.000000
2018 450 0.996392
2018 1557 0.000003
2019 510 1.000000
2020 2020 1.000000
2021 2021 1.000000
2022 2 1.000000
2023 238 1.000000
2024 224 0.000035
2024 238 0.988231
2025 752 1.000000
2026 2026 1.000000
2027 442 1.000000
2028 337 1.000000
2029 791 0.000448
2029 1685 0.958096
2030 337 1.000000
2031 536 1.000000
2032 366 0.250000
2032 1548 0.250000
2033 120 0.062500
2033 1660 0.062500
2033 2033 0.250000
2034 2034 1.000000
2035 1333 1.000000
2036 356 1.000000
2037 1974 1.000000
2038 536 1.000000
2039 107 1.000000
2040 2040 1.000000
2041 1055 0.250000
2041 1152 0.250000
2042 1114 0.250000
2042 2042 0.250000
2043 668 1.000000
2044 337 0.999513
2044 416 0.000000
2045 337 1.000000
2046 337 1.000000
2047 2047 1.000000
2048 2048 1.000000
2049 1536 1.000000
2050 1371 1.000000
2051 464 1.000000
2052 1615 1.000000
2053 815 1.000000
2054 947 1.000000
2055 2055 1.000000
2056 15 1.000000
2057 332 1.000000
2058 332 1.000000
2059 2059 1.000000
2060 2060 1.000000
2061 464 1.000000
2062 464 1.000000
2063 583 1.000000
2064 1183 1.000000
2065 722 0.999282
2065 894 0.000000
2066 185 1.000000
2067 1007 1.000000
2068 1007 1.000000
2069 1424 1.000000
2070 185 1.000000
2071 185 1.000000
2072 185 1.000000
2073 790 1.000000
2074 520 1.000000
2075 2075 1.000000
2076 1680 1.000000
2077 61 1.000000
2078 2078 1.000000
2079 2060 1.000000
2080 2080 0.250000
2080 2082 0.250000
2081 2081 1.000000
2082 2080 0.250000
2082 2082 0.250000
2083 2083 1.000000
2084 2084 1.000000
2085 1116 1.000000
2086 2086 1.000000
2087 2087 1.000000
2088 2088 1.000000
2089 2089 1.000000
2090 1183 1.000000
2091 1183 1.000000
2092 2092 1.000000
2093 2093 1.000000
2094 2094 1.000000
2095 609 0.997081
2095 1974 0.000002
2096 2096 1.000000
2097 2075 1.000000
2098 2075 1.000000
2099 2099 1.000000
2100 2100 1.000000
2101 2101 1.000000
2102 2102 1.000000
2103 150 1.000000
2104 2104 1.000000
2105 465 1.000000
2106 2106 1.000000
2107 2106 1.000000
2108 2108 1.000000
2109 2109 1.000000
2110 2110 1.000000
2111 2111 1.000000
2112 2112 1.000000
2113 2113 1.000000
2114 2114 1.000000
