1 26 0.000000
1 31 0.000000
1 36 1.000000
1 41 0.000000
1 46 0.000000
1 51 0.000000
1 56 0.000000
2 26 0.000000
2 31 0.000000
2 36 1.000000
2 41 0.000000
2 46 0.000000
2 51 0.000000
2 56 0.000000
3 27 0.000000
3 32 0.000000
3 37 0.000000
3 42 1.000000
3 43 0.000000
3 47 0.000000
3 48 0.000000
3 52 0.000000
3 53 0.000000
3 57 0.000000
3 58 0.000000
3 62 0.000000
4 29 0.000000
4 34 0.000000
4 39 1.000000
4 44 0.000000
4 48 0.000000
4 49 0.000000
4 53 0.000000
4 54 0.000000
4 58 0.000000
5 5 1.000000
5 29 0.000000
5 34 0.000000
5 39 0.000000
5 40 0.000000
5 44 0.000000
5 49 0.000000
5 54 0.000000
6 6 1.000000
6 35 0.000000
6 40 0.000000
6 45 0.000000
7 7 1.000000
8 8 1.000000
9 9 1.000000
10 10 1.000000
11 11 1.000000
11 31 0.000000
11 51 0.000000
12 12 1.000000
13 13 1.000000
14 14 1.000000
15 15 1.000000
16 16 1.000000
17 17 1.000000
18 18 1.000000
19 19 1.000000
20 7 0.000000
20 18 1.000000
20 37 0.000000
20 42 0.000000
20 47 0.000000
20 48 0.000000
20 52 0.000000
20 53 0.000000
20 57 0.000000
20 58 0.000000
20 62 0.000000
20 63 0.000000
21 26 0.958053
21 31 0.000433
21 36 0.000000
21 41 0.000000
21 46 0.000000
21 51 0.000000
21 56 0.000000
21 61 0.000000
21 66 0.000000
21 71 0.000000
21 76 0.000000
21 81 0.000000
21 86 0.000000
21 91 0.000000
21 96 0.000000
21 101 0.000000
21 106 0.000000
21 111 0.000000
21 116 0.000000
21 121 0.000000
21 126 0.000000
22 27 0.000000
22 32 0.000000
22 37 0.000000
22 42 0.000000
22 47 0.000000
22 52 0.000000
22 57 0.000000
22 62 0.000000
22 67 0.000000
22 72 0.000000
22 77 0.000000
22 82 0.000000
22 87 0.000000
22 92 0.000000
22 97 0.000000
22 102 0.000000
22 107 0.000000
22 112 0.000000
22 117 0.000000
22 122 1.000000
23 28 0.000000
23 33 0.000000
23 38 0.000000
23 43 0.000000
23 48 0.000000
23 53 0.000000
23 58 0.000000
23 63 0.000000
23 68 0.000000
23 73 0.000000
23 78 0.000000
23 83 0.000000
23 88 1.000000
24 29 0.961961
24 34 0.000357
24 39 0.000000
24 44 0.000000
24 49 0.000000
24 54 0.000000
24 59 0.000000
24 64 0.000000
24 69 0.000000
24 74 0.000000
24 79 0.000000
24 84 0.000000
24 89 0.000000
24 94 0.000000
24 99 0.000000
24 104 0.000000
24 109 0.000000
24 114 0.000000
24 119 0.000000
24 124 0.000000
24 129 0.000000
25 30 0.963389
25 35 0.000331
25 40 0.000000
25 45 0.000000
25 50 0.000000
25 55 0.000000
25 60 0.000000
25 65 0.000000
25 70 0.000000
25 75 0.000000
25 80 0.000000
25 85 0.000000
25 90 0.000000
25 95 0.000000
25 100 0.000000
25 105 0.000000
25 110 0.000000
25 115 0.000000
25 120 0.000000
25 125 0.000000
25 130 0.000000
26 26 1.000000
27 27 1.000000
28 28 1.000000
29 29 1.000000
30 30 1.000000
31 31 1.000000
32 32 1.000000
33 33 1.000000
34 34 1.000000
35 35 1.000000
36 36 1.000000
37 37 1.000000
38 38 1.000000
39 39 1.000000
40 40 1.000000
41 41 1.000000
42 42 1.000000
43 43 1.000000
44 44 1.000000
45 45 1.000000
46 46 1.000000
47 47 1.000000
48 48 1.000000
49 49 1.000000
50 50 1.000000
51 51 1.000000
52 52 1.000000
53 53 1.000000
54 54 1.000000
55 55 1.000000
56 56 1.000000
57 57 1.000000
58 58 1.000000
59 59 1.000000
60 60 1.000000
61 61 1.000000
62 62 1.000000
63 63 1.000000
64 64 1.000000
65 65 1.000000
66 66 1.000000
67 67 1.000000
68 68 1.000000
69 69 1.000000
70 70 1.000000
71 71 1.000000
72 72 1.000000
73 73 1.000000
74 74 1.000000
75 75 1.000000
76 76 1.000000
77 77 1.000000
78 78 1.000000
79 79 1.000000
80 80 1.000000
81 81 1.000000
82 82 1.000000
83 83 1.000000
84 84 1.000000
85 85 1.000000
86 86 1.000000
87 87 1.000000
88 88 1.000000
89 89 1.000000
90 90 1.000000
91 91 1.000000
92 92 1.000000
93 93 1.000000
94 94 1.000000
95 95 1.000000
96 96 1.000000
97 97 1.000000
98 98 1.000000
99 99 1.000000
100 100 1.000000
101 101 1.000000
102 102 1.000000
103 103 1.000000
104 104 1.000000
105 105 1.000000
106 106 1.000000
107 107 1.000000
108 108 1.000000
109 109 1.000000
110 110 1.000000
111 111 1.000000
112 112 1.000000
113 113 1.000000
114 114 1.000000
115 115 1.000000
116 116 1.000000
117 117 1.000000
118 118 1.000000
119 119 1.000000
120 120 1.000000
121 121 1.000000
122 122 1.000000
123 123 1.000000
124 124 1.000000
125 125 1.000000
126 126 1.000000
127 127 1.000000
128 128 1.000000
129 129 1.000000
130 130 1.000000
