1 1 1.000000
2 2 1.000000
3 3 1.000000
4 4 1.000000
5 5 1.000000
6 6 1.000000
7 5 1.000000
8 4 1.000000
9 3 1.000000
10 4 1.000000
11 11 1.000000
12 12 1.000000
13 5 1.000000
14 12 1.000000
15 11 1.000000
16 16 1.000000
17 17 1.000000
18 12 1.000000
19 1 1.000000
20 6 1.000000
21 5 1.000000
22 16 1.000000
23 5 1.000000
24 6 1.000000
25 6 1.000000
26 2 1.000000
27 4 1.000000
28 28 1.000000
29 29 1.000000
30 30 1.000000
31 12 1.000000
32 28 1.000000
33 4 1.000000
34 28 1.000000
35 35 1.000000
36 36 1.000000
37 12 1.000000
38 12 1.000000
39 35 1.000000
40 40 1.000000
41 35 1.000000
42 36 1.000000
43 6 1.000000
44 6 1.000000
45 16 1.000000
46 16 1.000000
47 17 1.000000
48 48 1.000000
