1 24 1.000000
2 7 1.000000
3 7 1.000000
4 17 1.000000
4 24 0.000000
5 7 1.000000
6 7 1.000000
7 7 1.000000
8 47 1.000000
9 7 1.000000
10 7 1.000000
11 7 1.000000
12 47 0.000000
12 58 1.000000
13 50 1.000000
14 58 1.000000
15 16 1.000000
16 16 1.000000
17 17 1.000000
18 17 1.000000
19 7 1.000000
20 17 1.000000
21 16 1.000000
21 23 0.000000
22 17 1.000000
22 24 0.000000
23 23 1.000000
24 24 1.000000
25 24 1.000000
26 7 1.000000
27 24 1.000000
28 23 1.000000
29 7 1.000000
30 7 1.000000
31 17 1.000000
32 7 1.000000
33 43 1.000000
34 7 1.000000
35 47 1.000000
36 7 1.000000
37 24 1.000000
38 7 1.000000
39 49 1.000000
40 7 1.000000
41 7 1.000000
42 7 1.000000
43 43 1.000000
44 7 1.000000
45 55 1.000000
46 7 1.000000
47 47 1.000000
48 7 1.000000
49 49 1.000000
50 50 1.000000
51 60 1.000000
52 7 1.000000
53 54 1.000000
54 54 1.000000
55 55 1.000000
56 55 1.000000
57 50 0.000000
57 54 1.000000
58 58 1.000000
59 50 1.000000
60 60 1.000000
61 60 1.000000
62 50 1.000000
