1 1 1.000000
2 1 1.000000
3 1 1.000000
4 1 1.000000
5 1 1.000000
6 1 1.000000
7 1 1.000000
8 8 1.000000
9 8 1.000000
10 10 1.000000
11 1 0.000000
11 10 1.000000
12 1 0.000000
12 10 1.000000
13 10 1.000000
14 10 1.000000
15 10 1.000000
16 10 1.000000
17 10 1.000000
18 10 1.000000
19 10 1.000000
20 10 1.000000
21 10 1.000000
22 10 1.000000
23 10 1.000000
24 10 1.000000
25 10 1.000000
26 1 1.000000
27 1 1.000000
28 10 1.000000
29 1 0.000000
29 10 1.000000
30 1 0.000000
30 10 1.000000
31 1 0.000000
31 10 1.000000
32 10 1.000000
33 10 1.000000
34 10 1.000000
35 10 1.000000
36 10 1.000000
37 10 1.000000
38 10 1.000000
39 10 1.000000
40 10 1.000000
41 10 0.000000
41 41 1.000000
42 10 1.000000
43 10 1.000000
44 44 1.000000
45 10 1.000000
46 10 1.000000
47 10 1.000000
48 10 1.000000
49 10 1.000000
50 10 0.000000
50 50 1.000000
51 10 0.000000
51 50 1.000000
52 10 1.000000
53 53 1.000000
54 10 0.000000
54 53 1.000000
55 10 1.000000
56 56 1.000000
57 10 1.000000
57 56 0.000000
58 10 1.000000
59 59 1.000000
60 10 0.000000
60 41 1.000000
60 59 0.000000
61 10 0.000000
61 41 1.000000
62 62 1.000000
63 44 1.000000
63 62 0.000000
64 44 1.000000
65 65 1.000000
66 10 1.000000
67 10 1.000000
68 10 1.000000
69 10 1.000000
70 10 1.000000
71 53 1.000000
72 53 1.000000
73 53 1.000000
74 74 1.000000
75 56 1.000000
75 74 0.000000
76 56 1.000000
77 77 1.000000
78 59 1.000000
79 56 0.000000
79 59 1.000000
80 80 1.000000
81 62 1.000000
82 62 1.000000
83 65 0.000000
83 83 1.000000
84 65 1.000000
85 65 1.000000
86 86 1.000000
87 10 1.000000
88 10 1.000000
89 10 1.000000
90 10 1.000000
91 10 1.000000
92 74 1.000000
93 74 1.000000
94 74 1.000000
95 95 1.000000
96 77 1.000000
96 95 0.000000
97 77 1.000000
98 98 1.000000
99 80 1.000000
100 77 0.000000
100 80 1.000000
101 101 1.000000
102 65 0.000000
102 83 1.000000
103 65 0.000000
103 83 1.000000
104 86 0.000000
104 104 1.000000
105 86 1.000000
106 86 1.000000
107 107 1.000000
108 10 1.000000
109 10 1.000000
110 10 1.000000
111 10 1.000000
112 10 1.000000
113 95 1.000000
114 95 1.000000
115 95 1.000000
116 116 1.000000
117 98 1.000000
117 116 0.000000
118 98 1.000000
119 119 1.000000
120 101 1.000000
121 98 0.000000
121 101 1.000000
122 122 1.000000
123 86 0.000000
123 104 1.000000
124 86 0.000000
124 104 1.000000
125 107 0.000000
125 125 1.000000
126 107 1.000000
127 107 1.000000
128 128 1.000000
129 10 1.000000
130 10 1.000000
131 10 1.000000
132 10 1.000000
133 10 1.000000
134 116 1.000000
135 116 1.000000
136 95 0.000000
136 119 1.000000
137 119 1.000000
138 98 1.000000
138 122 0.000000
139 122 1.000000
140 107 0.000000
140 125 1.000000
141 107 0.000000
141 125 1.000000
142 128 1.000000
143 128 1.000000
144 10 1.000000
144 107 0.000000
145 10 1.000000
146 10 1.000000
147 10 1.000000
