27 27 1.000000
51 51 1.000000
98 98 1.000000
114 114 1.000000
161 161 1.000000
203 157 0.012346
203 197 0.012346
203 203 0.012346
205 157 0.012346
205 197 0.012346
205 203 0.012346
210 76 0.062500
210 210 0.062500
219 219 1.000000
258 258 1.000000
272 272 1.000000
293 98 1.000000
315 157 0.012346
315 197 0.012346
315 203 0.012346
335 106 0.062500
335 335 0.062500
340 157 0.012346
340 197 0.012346
340 203 0.012346
344 258 1.000000
354 354 1.000000
356 356 1.000000
397 157 0.012346
397 197 0.012346
397 203 0.012346
402 126 0.062500
402 402 0.062500
407 157 0.012346
407 197 0.012346
407 203 0.012346
410 157 0.012346
410 197 0.012346
410 203 0.012346
426 157 0.012346
426 197 0.012346
426 203 0.012346
434 76 0.062500
434 210 0.062500
444 444 1.000000
447 258 1.000000
460 460 1.000000
466 98 1.000000
468 468 1.000000
491 76 0.062500
491 210 0.062500
497 258 1.000000
500 157 0.012346
500 197 0.012346
500 203 0.012346
532 532 1.000000
539 539 1.000000
554 51 1.000000
568 568 1.000000
579 157 0.012346
579 197 0.012346
579 203 0.012346
580 27 1.000000
610 76 0.062500
610 210 0.062500
617 185 0.062500
617 617 0.062500
643 51 1.000000
663 354 1.000000
665 568 1.000000
686 686 1.000000
693 157 0.012346
693 197 0.012346
693 203 0.012346
694 694 1.000000
705 126 0.062500
705 402 0.062500
713 713 1.000000
725 719 0.062500
725 725 0.062500
781 51 1.000000
812 568 1.000000
864 864 1.000000
881 161 1.000000
894 76 0.062500
894 210 0.062500
901 901 1.000000
904 157 0.012346
904 197 0.012346
904 203 0.012346
920 157 0.012346
920 197 0.012346
920 203 0.012346
923 316 0.062500
923 923 0.062500
930 930 1.000000
940 940 1.000000
948 354 1.000000
965 272 1.000000
977 51 1.000000
987 987 1.000000
1012 157 0.012346
1012 197 0.012346
1012 203 0.012346
1046 157 0.012346
1046 197 0.012346
1046 203 0.012346
1054 157 0.012346
1054 197 0.012346
1054 203 0.012346
1066 1066 1.000000
1071 681 0.062500
1071 1071 0.062500
1079 157 0.012346
1079 197 0.012346
1079 203 0.012346
1098 51 1.000000
1132 1132 1.000000
1160 219 1.000000
1206 76 0.062500
1206 210 0.062500
1212 157 0.012346
1212 197 0.012346
1212 203 0.012346
1219 272 1.000000
1229 98 1.000000
1232 157 0.012346
1232 197 0.012346
1232 203 0.012346
1233 354 1.000000
1241 157 0.012346
1241 197 0.012346
1241 203 0.012346
1277 157 0.012346
1277 197 0.012346
1277 203 0.012346
1290 76 0.062500
1290 210 0.062500
1309 76 0.062500
1309 210 0.062500
1316 98 1.000000
1321 354 1.000000
1324 356 1.000000
1325 157 0.012346
1325 197 0.012346
1325 203 0.012346
1330 157 0.012346
1330 197 0.012346
1330 203 0.012346
1333 272 1.000000
1337 219 1.000000
1339 539 1.000000
1343 157 0.012346
1343 197 0.012346
1343 203 0.012346
1360 568 1.000000
1371 694 1.000000
1388 51 1.000000
1390 272 1.000000
1395 356 1.000000
1396 272 1.000000
1408 354 1.000000
1415 354 1.000000
1421 1421 1.000000
1424 539 1.000000
1445 157 0.012346
1445 197 0.012346
1445 203 0.012346
1451 76 0.062500
1451 210 0.062500
1456 157 0.012346
1456 197 0.012346
1456 203 0.012346
1458 258 0.250000
1458 272 0.250000
1468 157 0.012346
1468 197 0.012346
1468 203 0.012346
1480 157 0.012346
1480 197 0.012346
1480 203 0.012346
1481 157 0.012346
1481 197 0.012346
1481 203 0.012346
1490 157 0.012346
1490 197 0.012346
1490 203 0.012346
1491 272 1.000000
1492 157 0.012346
1492 197 0.012346
1492 203 0.012346
1499 568 1.000000
1504 568 1.000000
1512 258 0.250000
1512 272 0.250000
1520 126 0.062500
1520 402 0.062500
1521 354 1.000000
1522 354 1.000000
1539 157 0.012346
1539 197 0.012346
1539 203 0.012346
1544 1544 1.000000
1552 272 1.000000
1557 126 0.062500
1557 402 0.062500
1564 157 0.012346
1564 197 0.012346
1564 203 0.012346
1565 354 1.000000
1568 568 1.000000
1582 76 0.062500
1582 210 0.062500
1587 354 1.000000
1599 272 1.000000
1601 272 1.000000
1613 272 1.000000
1617 272 1.000000
1619 157 0.012346
1619 197 0.012346
1619 203 0.012346
1626 354 1.000000
1628 568 1.000000
1631 272 1.000000
1638 272 1.000000
1639 157 0.012346
1639 197 0.012346
1639 203 0.012346
1641 272 1.000000
1647 76 0.062500
1647 210 0.062500
1658 76 0.062500
1658 210 0.062500
1666 76 0.062500
1666 210 0.062500
1671 258 0.250000
1671 272 0.250000
1673 76 0.062500
1673 210 0.062500
1682 694 1.000000
1685 157 0.012346
1685 197 0.012346
1685 203 0.012346
1693 354 1.000000
1694 681 0.062500
1694 1071 0.062500
1698 272 1.000000
1719 354 1.000000
1720 354 1.000000
1721 354 1.000000
1722 354 1.000000
1723 354 1.000000
1724 354 1.000000
1725 354 1.000000
1729 354 1.000000
1748 568 1.000000
1749 568 1.000000
1789 354 1.000000
1790 354 1.000000
1791 354 1.000000
1792 354 1.000000
1793 354 1.000000
1794 354 1.000000
1795 354 1.000000
1796 354 1.000000
1797 354 1.000000
1798 354 1.000000
1807 354 1.000000
1808 354 1.000000
1809 354 1.000000
1825 272 1.000000
1843 568 1.000000
1844 568 1.000000
1846 272 1.000000
1847 272 1.000000
1848 272 1.000000
1849 272 1.000000
1850 272 1.000000
1851 272 1.000000
1852 272 1.000000
1853 272 1.000000
1854 272 1.000000
1862 76 0.062500
1862 210 0.062500
1863 76 0.062500
1863 210 0.062500
1865 694 1.000000
1873 354 1.000000
1874 354 1.000000
1875 354 1.000000
1876 354 1.000000
1925 354 1.000000
1926 354 1.000000
1927 354 1.000000
1928 354 1.000000
1929 354 1.000000
1930 354 1.000000
1931 354 1.000000
1932 354 1.000000
1933 354 1.000000
1936 354 1.000000
1937 354 1.000000
1947 126 0.062500
1947 402 0.062500
1948 126 0.062500
1948 402 0.062500
1949 126 0.062500
1949 402 0.062500
1968 272 1.000000
1974 568 1.000000
1975 568 1.000000
1976 568 1.000000
1977 568 1.000000
1988 272 1.000000
2006 272 1.000000
2007 354 1.000000
2010 694 1.000000
2012 356 1.000000
2013 356 1.000000
2014 356 1.000000
2015 356 1.000000
2034 2034 1.000000
2036 356 1.000000
2049 568 1.000000
2050 694 1.000000
2059 2059 1.000000
2060 102 0.062500
2060 2060 0.062500
2069 539 1.000000
2074 272 1.000000
2079 102 0.062500
2079 2060 0.062500
2083 2083 1.000000
2088 2088 1.000000
2089 2089 1.000000
2095 568 1.000000
2104 2104 1.000000
2106 2106 1.000000
2107 2106 1.000000
2110 2110 1.000000
2113 2113 1.000000
2114 2114 1.000000
