1 1 1.000000
2 2 1.000000
3 4 1.000000
4 4 1.000000
5 6 1.000000
6 6 1.000000
7 8 1.000000
8 8 1.000000
9 10 1.000000
10 10 1.000000
11 12 1.000000
12 12 1.000000
13 14 1.000000
14 14 1.000000
15 16 1.000000
16 16 1.000000
17 18 1.000000
18 18 1.000000
19 19 1.000000
20 20 1.000000
21 22 1.000000
22 22 1.000000
23 24 1.000000
24 24 1.000000
25 26 1.000000
26 26 1.000000
27 28 1.000000
28 28 1.000000
29 30 1.000000
30 30 1.000000
31 32 1.000000
32 32 1.000000
33 34 1.000000
34 34 1.000000
35 36 1.000000
36 36 1.000000
37 38 1.000000
38 38 1.000000
39 40 1.000000
40 40 1.000000
41 42 1.000000
42 42 1.000000
43 44 1.000000
44 44 1.000000
45 46 1.000000
46 46 1.000000
47 48 1.000000
48 48 1.000000
49 50 1.000000
50 50 1.000000
51 52 1.000000
52 52 1.000000
53 54 1.000000
54 54 1.000000
55 56 1.000000
56 56 1.000000
57 58 1.000000
58 58 1.000000
59 60 1.000000
60 60 1.000000
61 62 1.000000
62 62 1.000000
63 64 1.000000
64 64 1.000000
65 66 1.000000
66 66 1.000000
67 68 1.000000
68 68 1.000000
69 70 1.000000
70 70 1.000000
71 72 1.000000
72 72 1.000000
73 74 1.000000
74 74 1.000000
75 76 1.000000
76 76 1.000000
77 78 1.000000
78 78 1.000000
79 80 1.000000
80 80 1.000000
81 82 1.000000
82 82 1.000000
83 84 1.000000
84 84 1.000000
85 86 1.000000
86 86 1.000000
87 88 1.000000
88 88 1.000000
89 90 1.000000
90 90 1.000000
91 92 1.000000
92 92 1.000000
93 94 1.000000
94 94 1.000000
95 96 1.000000
96 96 1.000000
97 98 1.000000
98 98 1.000000
99 100 1.000000
100 100 1.000000
101 102 1.000000
102 102 1.000000
103 104 1.000000
104 104 1.000000
105 106 1.000000
106 106 1.000000
107 108 1.000000
108 108 1.000000
109 110 1.000000
110 110 1.000000
111 112 1.000000
112 112 1.000000
113 114 1.000000
114 114 1.000000
115 116 1.000000
116 116 1.000000
117 118 1.000000
118 118 1.000000
119 120 1.000000
120 120 1.000000
121 122 1.000000
122 122 1.000000
123 124 1.000000
124 124 1.000000
125 126 1.000000
126 126 1.000000
127 128 1.000000
128 128 1.000000
129 130 1.000000
130 130 1.000000
131 132 1.000000
132 132 1.000000
133 134 1.000000
134 134 1.000000
135 136 1.000000
136 136 1.000000
137 138 1.000000
138 138 1.000000
139 140 1.000000
140 140 1.000000
141 142 1.000000
142 142 1.000000
143 144 1.000000
144 144 1.000000
145 146 1.000000
146 146 1.000000
147 148 1.000000
148 148 1.000000
149 150 1.000000
150 150 1.000000
151 152 1.000000
152 152 1.000000
153 154 1.000000
154 154 1.000000
155 156 1.000000
156 156 1.000000
157 158 1.000000
158 158 1.000000
159 160 1.000000
160 160 1.000000
161 162 1.000000
162 162 1.000000
163 164 1.000000
164 164 1.000000
165 166 1.000000
166 166 1.000000
167 168 1.000000
168 168 1.000000
169 170 1.000000
170 170 1.000000
171 172 1.000000
172 172 1.000000
173 174 1.000000
174 174 1.000000
175 176 1.000000
176 176 1.000000
177 178 1.000000
178 178 1.000000
179 180 1.000000
180 180 1.000000
181 181 1.000000
182 182 1.000000
183 184 1.000000
184 184 1.000000
185 186 1.000000
186 186 1.000000
187 188 1.000000
188 188 1.000000
189 190 1.000000
190 190 1.000000
191 192 1.000000
192 192 1.000000
193 194 1.000000
194 194 1.000000
195 196 1.000000
196 196 1.000000
197 198 1.000000
198 198 1.000000
199 199 1.000000
200 200 1.000000
