1 7 0.000000
1 8 1.000000
2 7 0.000000
2 8 1.000000
3 7 0.000000
3 8 1.000000
4 7 0.000000
4 8 1.000000
5 7 0.000000
5 8 1.000000
6 7 0.000000
6 8 1.000000
7 7 0.000000
7 8 1.000000
8 7 0.000000
8 8 1.000000
9 7 0.000000
9 8 1.000000
10 7 0.000000
10 8 1.000000
11 7 0.000000
11 8 1.000000
12 7 0.000000
12 8 1.000000
13 7 0.000000
13 8 1.000000
14 7 0.000000
14 8 1.000000
15 7 0.000000
15 8 1.000000
16 7 0.000000
16 8 1.000000
17 7 0.000000
17 8 1.000000
18 7 0.000000
18 8 1.000000
19 7 0.000000
19 8 1.000000
20 7 0.000000
20 8 1.000000
21 7 0.000000
21 8 1.000000
22 7 0.000000
22 8 1.000000
23 7 0.000000
23 8 1.000000
24 7 0.000000
24 8 1.000000
25 7 0.000000
25 8 1.000000
26 7 0.000000
26 8 1.000000
27 7 0.000000
27 8 1.000000
28 7 0.000000
28 8 1.000000
29 7 0.000000
29 8 1.000000
30 7 0.000000
30 8 1.000000
31 7 0.000000
31 8 1.000000
32 7 0.000000
32 8 1.000000
33 7 0.000000
33 8 1.000000
34 7 0.000000
34 8 1.000000
35 7 0.000000
35 8 1.000000
36 7 0.000000
36 8 1.000000
37 7 0.000000
37 8 1.000000
38 7 0.000000
38 8 1.000000
39 7 0.000000
39 8 1.000000
40 7 0.000000
40 8 1.000000
41 7 0.000000
41 8 1.000000
42 7 0.000000
42 8 1.000000
43 7 0.000000
43 8 1.000000
44 7 0.000000
44 8 1.000000
45 7 0.000000
45 8 1.000000
46 7 0.000000
46 8 1.000000
47 7 0.000000
47 8 1.000000
48 7 0.000000
48 8 1.000000
49 7 0.000000
49 8 1.000000
50 7 0.000000
50 8 1.000000
51 7 0.000000
51 8 1.000000
52 7 0.000000
52 8 1.000000
53 7 0.000000
53 8 1.000000
54 7 0.000000
54 8 1.000000
55 7 0.000000
55 8 1.000000
56 7 0.000000
56 8 1.000000
57 7 0.000000
57 8 1.000000
58 7 0.000000
58 8 1.000000
59 7 0.000000
59 8 1.000000
60 7 0.000000
60 8 1.000000
61 7 0.000000
61 8 1.000000
62 7 0.000000
62 8 1.000000
63 7 0.000000
63 8 1.000000
64 7 0.000000
64 8 1.000000
65 7 0.000000
65 8 1.000000
66 7 0.000000
66 8 1.000000
67 7 0.000000
67 8 1.000000
68 7 0.000000
68 8 1.000000
69 7 0.000000
69 8 1.000000
70 7 0.000000
70 8 1.000000
71 7 0.000000
71 8 1.000000
72 7 0.000000
72 8 1.000000
73 7 0.000000
73 8 1.000000
74 7 0.000000
74 8 1.000000
75 7 0.000000
75 8 1.000000
76 7 0.000000
76 8 1.000000
77 7 0.000000
77 8 1.000000
78 7 0.000000
78 8 1.000000
79 7 0.000000
79 8 1.000000
80 7 0.000000
80 8 1.000000
81 7 0.000000
81 8 1.000000
82 7 0.000000
82 8 1.000000
83 7 0.000000
83 8 1.000000
84 7 0.000000
84 8 1.000000
85 7 0.000000
85 8 1.000000
86 7 0.000000
86 8 1.000000
87 7 0.000000
87 8 1.000000
88 7 0.000000
88 8 1.000000
89 7 0.000000
89 8 1.000000
90 7 0.000000
90 8 1.000000
91 7 0.000000
91 8 1.000000
92 7 0.000000
92 8 1.000000
93 7 0.000000
93 8 1.000000
94 7 0.000000
94 8 1.000000
95 7 0.000000
95 8 1.000000
96 7 0.000000
96 8 1.000000
97 7 0.000000
97 8 1.000000
98 7 0.000000
98 8 1.000000
99 7 0.000000
99 8 1.000000
100 7 0.000000
100 8 1.000000
101 7 0.000000
101 8 1.000000
102 7 0.000000
102 8 1.000000
103 7 0.000000
103 8 1.000000
104 7 0.000000
104 8 1.000000
105 7 0.000000
105 8 1.000000
106 7 0.000000
106 8 1.000000
107 7 0.000000
107 8 1.000000
108 7 0.000000
108 8 1.000000
109 7 0.000000
109 8 1.000000
110 7 0.000000
110 8 1.000000
111 7 0.000000
111 8 1.000000
112 7 0.000000
112 8 1.000000
113 7 0.000000
113 8 1.000000
114 7 0.000000
114 8 1.000000
115 7 0.000000
115 8 1.000000
116 7 0.000000
116 8 1.000000
117 7 0.000000
117 8 1.000000
118 7 0.000000
118 8 1.000000
119 7 0.000000
119 8 1.000000
120 7 0.000000
120 8 1.000000
121 7 0.000000
121 8 1.000000
122 7 0.000000
122 8 1.000000
123 7 0.000000
123 8 1.000000
124 7 0.000000
124 8 1.000000
125 7 0.000000
125 8 1.000000
126 7 0.000000
126 8 1.000000
127 7 0.000000
127 8 1.000000
128 7 0.000000
128 8 1.000000
129 7 0.000000
129 8 1.000000
130 7 0.000000
130 8 1.000000
131 7 0.000000
131 8 1.000000
132 7 0.000000
132 8 1.000000
133 7 0.000000
133 8 1.000000
134 7 0.000000
134 8 1.000000
135 7 0.000000
135 8 1.000000
136 7 0.000000
136 8 1.000000
